["(PP'P.)(GP')(G'P'-P)(GG'G)", "P.P.,(GG',P')", "(,P.P.,)(GG'P')(,P'PG)(P.P.,)", "(G'P)(P'PP'P)P(,PPP')", '(,,,)(P-)(GGPP.)(P.-)', "(G-P.)G(GG')G'", "(PG'-,)(-G')-P.", "(P',-)(P.,),(,G'P'G)"]

[(67, 320), (79, 320), (55, 320), (64, 480), (79, 480), (76, 240), (79, 240), (121, 240), (67, 240), (64, 320), (76, 320), (64, 320), (55, 960), (55, 960), (120, 960), (64, 240), (76, 240), (120, 240), (79, 240), (120, 240), (55, 240), (55, 240), (120, 240), (64, 320), (76, 320), (79, 320), (120, 240), (79, 240), (67, 240), (64, 240), (55, 320), (55, 320), (120, 320), (76, 480), (67, 480), (79, 240), (67, 240), (79, 240), (67, 240), (67, 960), (120, 240), (67, 240), (67, 240), (79, 240), (120, 320), (120, 320), (120, 320), (67, 480), (121, 480), (64, 240), (64, 240), (67, 240), (55, 240), (55, 480), (121, 480), (64, 320), (121, 320), (55, 320), (64, 960), (64, 480), (76, 480), (76, 960), (67, 240), (76, 240), (121, 240), (120, 240), (121, 480), (76, 480), (121, 960), (55, 960), (79, 320), (120, 320), (121, 320), (55, 480), (120, 480), (120, 960), (120, 240), (76, 240), (79, 240), (64, 240)]

BPB: Beats per bar(quarter notes): 4

BARS: 8

BPM: Beats per minute (at song start):Tempo: 125

TQB: Total quarter beats: 32

Song Time: 15 seconds: 0.26 minutes