["(G'P.P.)(PPP.P.)(,P.)(G'G'G'P.)", "-(P'PP')(G'-)(PPP.,)", "G'(P.,G')(P'P.P.P.)(P.G'-P)", "(GG)(P'GPG)(PGG-),", "(G',)P'(P'P')G", "(P.G',)(PPP.)(-PG)(P'P.P)", "G'(-P',),(,-)", "(G'G')(P'P'P)(P'P.P)(,PG'G')"]

[(76, 320), (55, 320), (55, 320), (67, 240), (67, 240), (55, 240), (55, 240), (120, 480), (55, 480), (76, 240), (76, 240), (76, 240), (55, 240), (121, 960), (79, 320), (67, 320), (79, 320), (76, 480), (121, 480), (67, 240), (67, 240), (55, 240), (120, 240), (76, 960), (55, 320), (120, 320), (76, 320), (79, 240), (55, 240), (55, 240), (55, 240), (55, 240), (76, 240), (121, 240), (67, 240), (64, 480), (64, 480), (79, 240), (64, 240), (67, 240), (64, 240), (67, 240), (64, 240), (64, 240), (121, 240), (120, 960), (76, 480), (120, 480), (79, 960), (79, 480), (79, 480), (64, 960), (55, 320), (76, 320), (120, 320), (67, 320), (67, 320), (55, 320), (121, 320), (67, 320), (64, 320), (79, 320), (55, 320), (67, 320), (76, 960), (121, 320), (79, 320), (120, 320), (120, 960), (120, 480), (121, 480), (76, 480), (76, 480), (79, 320), (79, 320), (67, 320), (79, 320), (55, 320), (67, 320), (120, 240), (67, 240), (76, 240), (76, 240)]

BPB: Beats per bar(quarter notes): 4

BARS: 8

BPM: Beats per minute (at song start):Tempo: 120

TQB: Total quarter beats: 32

Song Time: 16 seconds: 0.27 minutes