["(P.G')(-,)(-P-)(P.P',)", "PP.(,G'P.G')(,,P'P.)", "(-G',G')(-G')-(P,)", "(P.GP'P)(P'PP.-)(GP.P)(PGG')", "(GG'-)G(,GP'P')(G'G'P',)", "(P.P)(G',G)(PPG)(PP'G)", "(G',)(P.P'P')(P.,)(,P')", "(G'G'PP)(PG'P),G"]

[(55, 480), (76, 480), (121, 480), (120, 480), (121, 320), (67, 320), (121, 320), (55, 320), (79, 320), (120, 320), (67, 960), (55, 960), (120, 240), (76, 240), (55, 240), (76, 240), (120, 240), (120, 240), (79, 240), (55, 240), (121, 240), (76, 240), (120, 240), (76, 240), (121, 480), (76, 480), (121, 960), (67, 480), (120, 480), (55, 240), (64, 240), (79, 240), (67, 240), (79, 240), (67, 240), (55, 240), (121, 240), (64, 320), (55, 320), (67, 320), (67, 320), (64, 320), (76, 320), (64, 320), (76, 320), (121, 320), (64, 960), (120, 240), (64, 240), (79, 240), (79, 240), (76, 240), (76, 240), (79, 240), (120, 240), (55, 480), (67, 480), (76, 320), (120, 320), (64, 320), (67, 320), (67, 320), (64, 320), (67, 320), (79, 320), (64, 320), (76, 480), (120, 480), (55, 320), (79, 320), (79, 320), (55, 480), (120, 480), (120, 480), (79, 480), (76, 240), (76, 240), (67, 240), (67, 240), (67, 320), (76, 320), (67, 320), (120, 960), (64, 960)]

BPB: Beats per bar(quarter notes): 4

BARS: 8

BPM: Beats per minute (at song start):Tempo: 125

TQB: Total quarter beats: 32

Song Time: 15 seconds: 0.26 minutes