["(GG'P)(,,G'-)(P'-)(PP,)", "(-,)(,P)(P.-P)(P.G'-,)", "(G'G-)G'(P.P'P.,)(,,)", "(-P.G)(P'G'P')(GPPG')P", "(G'--)(GG'-P)(-PG'P)(P',)", '(PPP.)(G-)(,GG)(PP.)', "(-,)(,G'-),,", "(GP.)(,P'P'P)GG'"]

[(64, 320), (76, 320), (67, 320), (120, 240), (120, 240), (76, 240), (121, 240), (79, 480), (121, 480), (67, 320), (67, 320), (120, 320), (121, 480), (120, 480), (120, 480), (67, 480), (55, 320), (121, 320), (67, 320), (55, 240), (76, 240), (121, 240), (120, 240), (76, 320), (64, 320), (121, 320), (76, 960), (55, 240), (79, 240), (55, 240), (120, 240), (120, 480), (120, 480), (121, 320), (55, 320), (64, 320), (79, 320), (76, 320), (79, 320), (64, 240), (67, 240), (67, 240), (76, 240), (67, 960), (76, 320), (121, 320), (121, 320), (64, 240), (76, 240), (121, 240), (67, 240), (121, 240), (67, 240), (76, 240), (67, 240), (79, 480), (120, 480), (67, 320), (67, 320), (55, 320), (64, 480), (121, 480), (120, 320), (64, 320), (64, 320), (67, 480), (55, 480), (121, 480), (120, 480), (120, 320), (76, 320), (121, 320), (120, 960), (120, 960), (64, 480), (55, 480), (120, 240), (79, 240), (79, 240), (67, 240), (64, 960), (76, 960)]

BPB: Beats per bar(quarter notes): 4

BARS: 8

BPM: Beats per minute (at song start):Tempo: 125

TQB: Total quarter beats: 32

Song Time: 15 seconds: 0.26 minutes