["(P-GG')G'(,P.G)G", "G'(-G')(PP)(,P)", "(G-P.-)(P'P'-P)(G'PG'P)(G'P',)", "(G'G'-)(PG')(P'-P)(,P-P')", "(GG)(G'-PG)(P.-,)(GPGP.)", "(-G)(-P.,G')(G'P.P)(P.,P.P')", "P(PG)(-PP')P", "(P.P'--)P'(P'-,)(P.GP'G)"]

[(67, 240), (121, 240), (64, 240), (76, 240), (76, 960), (120, 320), (55, 320), (64, 320), (64, 960), (76, 960), (121, 480), (76, 480), (67, 480), (67, 480), (120, 480), (67, 480), (64, 240), (121, 240), (55, 240), (121, 240), (79, 240), (79, 240), (121, 240), (67, 240), (76, 240), (67, 240), (76, 240), (67, 240), (76, 320), (79, 320), (120, 320), (76, 320), (76, 320), (121, 320), (67, 480), (76, 480), (79, 320), (121, 320), (67, 320), (120, 240), (67, 240), (121, 240), (79, 240), (64, 480), (64, 480), (76, 240), (121, 240), (67, 240), (64, 240), (55, 320), (121, 320), (120, 320), (64, 240), (67, 240), (64, 240), (55, 240), (121, 480), (64, 480), (121, 240), (55, 240), (120, 240), (76, 240), (76, 320), (55, 320), (67, 320), (55, 240), (120, 240), (55, 240), (79, 240), (67, 960), (67, 480), (64, 480), (121, 320), (67, 320), (79, 320), (67, 960), (55, 240), (79, 240), (121, 240), (121, 240), (79, 960), (79, 320), (121, 320), (120, 320), (55, 240), (64, 240), (79, 240), (64, 240)]

BPB: Beats per bar(quarter notes): 4

BARS: 8

BPM: Beats per minute (at song start):Tempo: 60

TQB: Total quarter beats: 32

Song Time: 32 seconds: 0.53 minutes