["GP(G',P'P.)(GP)", "(-,GG')(P'G'G')(G,G'P')-", "(G-)G(P'-P)(P',P.G)", "(P.-P.)(PP.-G')(G'G)(PP.)", "P.(G'P'P'P')(P.G'G')(,G'G'G)", "P.G'(-PP'G')(GG'GG')", "(P.PP,)(-G'),(-P.PP)", '--(-,-P)P.']

[(64, 960), (67, 960), (76, 240), (120, 240), (79, 240), (55, 240), (64, 480), (67, 480), (121, 240), (120, 240), (64, 240), (76, 240), (79, 320), (76, 320), (76, 320), (64, 240), (120, 240), (76, 240), (79, 240), (121, 960), (64, 480), (121, 480), (64, 960), (79, 320), (121, 320), (67, 320), (79, 240), (120, 240), (55, 240), (64, 240), (55, 320), (121, 320), (55, 320), (67, 240), (55, 240), (121, 240), (76, 240), (76, 480), (64, 480), (67, 480), (55, 480), (55, 960), (76, 240), (79, 240), (79, 240), (79, 240), (55, 320), (76, 320), (76, 320), (120, 240), (76, 240), (76, 240), (64, 240), (55, 960), (76, 960), (121, 240), (67, 240), (79, 240), (76, 240), (64, 240), (76, 240), (64, 240), (76, 240), (55, 240), (67, 240), (67, 240), (120, 240), (121, 480), (76, 480), (120, 960), (121, 240), (55, 240), (67, 240), (67, 240), (121, 960), (121, 960), (121, 240), (120, 240), (121, 240), (67, 240), (55, 960)]

BPB: Beats per bar(quarter notes): 4

BARS: 8

BPM: Beats per minute (at song start):Tempo: 120

TQB: Total quarter beats: 32

Song Time: 16 seconds: 0.27 minutes