["(P.G')(P'PGP)(PG'G)(G,)", "(,G)PP'(PPG)", "(G'P.G'P')(G'GG'P)(G'-)(,P.P')", ",(,P',)G(GPP)", "P'P.(P'P.,P)(,P.-P')", "(G'P.)(,,)(-P.P')(PP')", "(PP')P'(,P.)(G,PP)", "(P'PP)G'(-P.P.)(GG'G'P')"]

[(55, 480), (76, 480), (79, 240), (67, 240), (64, 240), (67, 240), (67, 320), (76, 320), (64, 320), (64, 480), (120, 480), (120, 480), (64, 480), (67, 960), (79, 960), (67, 320), (67, 320), (64, 320), (76, 240), (55, 240), (76, 240), (79, 240), (76, 240), (64, 240), (76, 240), (67, 240), (76, 480), (121, 480), (120, 320), (55, 320), (79, 320), (120, 960), (120, 320), (79, 320), (120, 320), (64, 960), (64, 320), (67, 320), (67, 320), (79, 960), (55, 960), (79, 240), (55, 240), (120, 240), (67, 240), (120, 240), (55, 240), (121, 240), (79, 240), (76, 480), (55, 480), (120, 480), (120, 480), (121, 320), (55, 320), (79, 320), (67, 480), (79, 480), (67, 480), (79, 480), (79, 960), (120, 480), (55, 480), (64, 240), (120, 240), (67, 240), (67, 240), (79, 320), (67, 320), (67, 320), (76, 960), (121, 320), (55, 320), (55, 320), (64, 240), (76, 240), (76, 240), (79, 240)]

BPB: Beats per bar(quarter notes): 4

BARS: 8

BPM: Beats per minute (at song start):Tempo: 125

TQB: Total quarter beats: 32

Song Time: 15 seconds: 0.26 minutes