["(PP.GP.)P'(P.--)(-PP'P')", "G'P(,P.P')(,--)", "(P.P)(,,P)P(G'P,P.)", '(P-G)(P.-P.)(,,P)(,P.P.)', "(P'P)G(P.P'G')(,P.-P')", "(P'P-)(,P.,-)(P'P,P.)(P.G',)", "(PG)(PP'PG')P.G'", "(GP)(,G'G')(-P,)(PP'G'G')"]

[(67, 240), (55, 240), (64, 240), (55, 240), (79, 960), (55, 320), (121, 320), (121, 320), (121, 240), (67, 240), (79, 240), (79, 240), (76, 960), (67, 960), (120, 320), (55, 320), (79, 320), (120, 320), (121, 320), (121, 320), (55, 480), (67, 480), (120, 320), (120, 320), (67, 320), (67, 960), (76, 240), (67, 240), (120, 240), (55, 240), (67, 320), (121, 320), (64, 320), (55, 320), (121, 320), (55, 320), (120, 320), (120, 320), (67, 320), (120, 320), (55, 320), (55, 320), (79, 480), (67, 480), (64, 960), (55, 320), (79, 320), (76, 320), (120, 240), (55, 240), (121, 240), (79, 240), (79, 320), (67, 320), (121, 320), (120, 240), (55, 240), (120, 240), (121, 240), (79, 240), (67, 240), (120, 240), (55, 240), (55, 320), (76, 320), (120, 320), (67, 480), (64, 480), (67, 240), (79, 240), (67, 240), (76, 240), (55, 960), (76, 960), (64, 480), (67, 480), (120, 320), (76, 320), (76, 320), (121, 320), (67, 320), (120, 320), (67, 240), (79, 240), (76, 240), (76, 240)]

BPB: Beats per bar(quarter notes): 4

BARS: 8

BPM: Beats per minute (at song start):Tempo: 60

TQB: Total quarter beats: 32

Song Time: 32 seconds: 0.53 minutes