["G'(P.P.,)(,GP)(P'-GP.)", "(,P'P'G')P'(P',G')(-PG'-)", "P(G'PP'-)(G--)(G-G'P)", "(PGPP)(P.G')(-P)(G,)", "(,P'P.)(P.-G-)(G,G')(PP.)", "(GG'P-),P.(GP.,P)", "(PG'P-)(G'GP'P)(G'-GG')P'", "(,P')G(PG,),"]

[(76, 960), (55, 320), (55, 320), (120, 320), (120, 320), (64, 320), (67, 320), (79, 240), (121, 240), (64, 240), (55, 240), (120, 240), (79, 240), (79, 240), (76, 240), (79, 960), (79, 320), (120, 320), (76, 320), (121, 240), (67, 240), (76, 240), (121, 240), (67, 960), (76, 240), (67, 240), (79, 240), (121, 240), (64, 320), (121, 320), (121, 320), (64, 240), (121, 240), (76, 240), (67, 240), (67, 240), (64, 240), (67, 240), (67, 240), (55, 480), (76, 480), (121, 480), (67, 480), (64, 480), (120, 480), (120, 320), (79, 320), (55, 320), (55, 240), (121, 240), (64, 240), (121, 240), (64, 320), (120, 320), (76, 320), (67, 480), (55, 480), (64, 240), (76, 240), (67, 240), (121, 240), (120, 960), (55, 960), (64, 240), (55, 240), (120, 240), (67, 240), (67, 240), (76, 240), (67, 240), (121, 240), (76, 240), (64, 240), (79, 240), (67, 240), (76, 240), (121, 240), (64, 240), (76, 240), (79, 960), (120, 480), (79, 480), (64, 960), (67, 320), (64, 320), (120, 320), (120, 960)]

BPB: Beats per bar(quarter notes): 4

BARS: 8

BPM: Beats per minute (at song start):Tempo: 120

TQB: Total quarter beats: 32

Song Time: 16 seconds: 0.27 minutes