["(P'P.,)(-G'),(P',P)", "G'(P.GG)G(G'PGG')", "(-G')(P',P.P.)G'(P.P'G'P)", "(-P.G')(P'P.G)(P'G',P),", "(-,G'P.)(GP.),(P',,)", "(GP.--)(,,GP')(,P'-G)(GG')", '(P-P.)(P.G)(P-)G', ",(,,)(-G')(G'P.P.G')"]

[(79, 320), (55, 320), (120, 320), (121, 480), (76, 480), (120, 960), (79, 320), (120, 320), (67, 320), (76, 960), (55, 320), (64, 320), (64, 320), (64, 960), (76, 240), (67, 240), (64, 240), (76, 240), (121, 480), (76, 480), (79, 240), (120, 240), (55, 240), (55, 240), (76, 960), (55, 240), (79, 240), (76, 240), (67, 240), (121, 320), (55, 320), (76, 320), (79, 320), (55, 320), (64, 320), (79, 240), (76, 240), (120, 240), (67, 240), (120, 960), (121, 240), (120, 240), (76, 240), (55, 240), (64, 480), (55, 480), (120, 960), (79, 320), (120, 320), (120, 320), (64, 240), (55, 240), (121, 240), (121, 240), (120, 240), (120, 240), (64, 240), (79, 240), (120, 240), (79, 240), (121, 240), (64, 240), (64, 480), (76, 480), (67, 320), (121, 320), (55, 320), (55, 480), (64, 480), (67, 480), (121, 480), (64, 960), (120, 960), (120, 480), (120, 480), (121, 480), (76, 480), (76, 240), (55, 240), (55, 240), (76, 240)]

BPB: Beats per bar(quarter notes): 4

BARS: 8

BPM: Beats per minute (at song start):Tempo: 160

TQB: Total quarter beats: 32

Song Time: 12 seconds: 0.2 minutes