["(PP'P'),(PG'G)(PG)", "(P.P)(P'-G'P)--", "-(P.P'P'P)(G',)P.", "(P.GPP.)P'(P'-P)(P.GG)", "(P,,P')(,-P.)(-P')(G'G)", "-(-P'P',)(P.G'G')G'", "(,P.G'G')-(P,)P'", "(P'P'GP')(P'P.P'-),(P'G')"]

[(67, 320), (79, 320), (79, 320), (120, 960), (67, 320), (76, 320), (64, 320), (67, 480), (64, 480), (55, 480), (67, 480), (79, 240), (121, 240), (76, 240), (67, 240), (121, 960), (121, 960), (121, 960), (55, 240), (79, 240), (79, 240), (67, 240), (76, 480), (120, 480), (55, 960), (55, 240), (64, 240), (67, 240), (55, 240), (79, 960), (79, 320), (121, 320), (67, 320), (55, 320), (64, 320), (64, 320), (67, 240), (120, 240), (120, 240), (79, 240), (120, 320), (121, 320), (55, 320), (121, 480), (79, 480), (76, 480), (64, 480), (121, 960), (121, 240), (79, 240), (79, 240), (120, 240), (55, 320), (76, 320), (76, 320), (76, 960), (120, 240), (55, 240), (76, 240), (76, 240), (121, 960), (67, 480), (120, 480), (79, 960), (79, 240), (79, 240), (64, 240), (79, 240), (79, 240), (55, 240), (79, 240), (121, 240), (120, 960), (79, 480), (76, 480)]

BPB: Beats per bar(quarter notes): 4

BARS: 8

BPM: Beats per minute (at song start):Tempo: 160

TQB: Total quarter beats: 32

Song Time: 12 seconds: 0.2 minutes