["(G'G')(-P')G'-", "(P.P'-,)(PPP.)-(,-,)", "P.(P'-,)(P'P-)(GP.)", '(-GPP.)G-G', "P(GPG')(,GG)(GP'P'G)", "(P'-PP')(PPP)(P'P')(G'P')", ",(G'-P)(GP.-),", "(,G')(PP'G-)(P'P'P')(P.,GP)"]

[(76, 480), (76, 480), (121, 480), (79, 480), (76, 960), (121, 960), (55, 240), (79, 240), (121, 240), (120, 240), (67, 320), (67, 320), (55, 320), (121, 960), (120, 320), (121, 320), (120, 320), (55, 960), (79, 320), (121, 320), (120, 320), (79, 320), (67, 320), (121, 320), (64, 480), (55, 480), (121, 240), (64, 240), (67, 240), (55, 240), (64, 960), (121, 960), (64, 960), (67, 960), (64, 320), (67, 320), (76, 320), (120, 320), (64, 320), (64, 320), (64, 240), (79, 240), (79, 240), (64, 240), (79, 240), (121, 240), (67, 240), (79, 240), (67, 320), (67, 320), (67, 320), (79, 480), (79, 480), (76, 480), (79, 480), (120, 960), (76, 320), (121, 320), (67, 320), (64, 320), (55, 320), (121, 320), (120, 960), (120, 480), (76, 480), (67, 240), (79, 240), (64, 240), (121, 240), (79, 320), (79, 320), (79, 320), (55, 240), (120, 240), (64, 240), (67, 240)]

BPB: Beats per bar(quarter notes): 4

BARS: 8

BPM: Beats per minute (at song start):Tempo: 120

TQB: Total quarter beats: 32

Song Time: 16 seconds: 0.27 minutes