["P.(G'G'P'P')(-,G')G'", 'P.,(P.,G,)(-GP)', "(PP.,)(P'-)(G',P.),", "(-,P')(P'G')(PP.,P.)(P-P.P)", "P'(P.PG)P',", "(--P.P')(PP.GP)(,,)(GP'P'P)", "(GG,G)(P.P'-)P'(-G'P)", "(P-P.)P'P,"]

[(55, 960), (76, 240), (76, 240), (79, 240), (79, 240), (121, 320), (120, 320), (76, 320), (76, 960), (55, 960), (120, 960), (55, 240), (120, 240), (64, 240), (120, 240), (121, 320), (64, 320), (67, 320), (67, 320), (55, 320), (120, 320), (79, 480), (121, 480), (76, 320), (120, 320), (55, 320), (120, 960), (121, 320), (120, 320), (79, 320), (79, 480), (76, 480), (67, 240), (55, 240), (120, 240), (55, 240), (67, 240), (121, 240), (55, 240), (67, 240), (79, 960), (55, 320), (67, 320), (64, 320), (79, 960), (120, 960), (121, 240), (121, 240), (55, 240), (79, 240), (67, 240), (55, 240), (64, 240), (67, 240), (120, 480), (120, 480), (64, 240), (79, 240), (79, 240), (67, 240), (64, 240), (64, 240), (120, 240), (64, 240), (55, 320), (79, 320), (121, 320), (79, 960), (121, 320), (76, 320), (67, 320), (67, 320), (121, 320), (55, 320), (79, 960), (67, 960), (120, 960)]

BPB: Beats per bar(quarter notes): 4

BARS: 8

BPM: Beats per minute (at song start):Tempo: 60

TQB: Total quarter beats: 32

Song Time: 32 seconds: 0.53 minutes