["(P'P)(G'-GG)(P.P'),", "(--P.P)(GPG')P'(G',-P.)", "(PP.)(PG)(P.G-G')P'", "(G'G'P.G')(,,P',)(P.PP)(P.-G)", "(,P.P-)(G'P'P.)(P.P,,)-", "P.(PGG'G)(PG',P)(P'P',P')", "(P.P')-(,P')(P.,GP)", "(GP')(P'P')(,P'-P)(PPG'P)"]

[(79, 480), (67, 480), (76, 240), (121, 240), (64, 240), (64, 240), (55, 480), (79, 480), (120, 960), (121, 240), (121, 240), (55, 240), (67, 240), (64, 320), (67, 320), (76, 320), (79, 960), (76, 240), (120, 240), (121, 240), (55, 240), (67, 480), (55, 480), (67, 480), (64, 480), (55, 240), (64, 240), (121, 240), (76, 240), (79, 960), (76, 240), (76, 240), (55, 240), (76, 240), (120, 240), (120, 240), (79, 240), (120, 240), (55, 320), (67, 320), (67, 320), (55, 320), (121, 320), (64, 320), (120, 240), (55, 240), (67, 240), (121, 240), (76, 320), (79, 320), (55, 320), (55, 240), (67, 240), (120, 240), (120, 240), (121, 960), (55, 960), (67, 240), (64, 240), (76, 240), (64, 240), (67, 240), (76, 240), (120, 240), (67, 240), (79, 240), (79, 240), (120, 240), (79, 240), (55, 480), (79, 480), (121, 960), (120, 480), (79, 480), (55, 240), (120, 240), (64, 240), (67, 240), (64, 480), (79, 480), (79, 480), (79, 480), (120, 240), (79, 240), (121, 240), (67, 240), (67, 240), (67, 240), (76, 240), (67, 240)]

BPB: Beats per bar(quarter notes): 4

BARS: 8

BPM: Beats per minute (at song start):Tempo: 95

TQB: Total quarter beats: 32

Song Time: 20 seconds: 0.34 minutes