["(P'P')(G'P.)(G'G',)(P.P.)", "P(P,P'P')(P.P.P)(-P'G)", "(-P'P'-)-(PP')(G-)", "G'(GG)(P.PP'P)(GG'P.,)", "P'(G'G'-G')(P,G)(P.P'P')", "(P'-)(P.-P.P)G(P,PG')", "(P',)P(P.P.-G)(G'PP.P')", "(,G')(-P,)(-P.)(GG'G',)"]

[(79, 480), (79, 480), (76, 480), (55, 480), (76, 320), (76, 320), (120, 320), (55, 480), (55, 480), (67, 960), (67, 240), (120, 240), (79, 240), (79, 240), (55, 320), (55, 320), (67, 320), (121, 320), (79, 320), (64, 320), (121, 240), (79, 240), (79, 240), (121, 240), (121, 960), (67, 480), (79, 480), (64, 480), (121, 480), (76, 960), (64, 480), (64, 480), (55, 240), (67, 240), (79, 240), (67, 240), (64, 240), (76, 240), (55, 240), (120, 240), (79, 960), (76, 240), (76, 240), (121, 240), (76, 240), (67, 320), (120, 320), (64, 320), (55, 320), (79, 320), (79, 320), (79, 480), (121, 480), (55, 240), (121, 240), (55, 240), (67, 240), (64, 960), (67, 240), (120, 240), (67, 240), (76, 240), (79, 480), (120, 480), (67, 960), (55, 240), (55, 240), (121, 240), (64, 240), (76, 240), (67, 240), (55, 240), (79, 240), (120, 480), (76, 480), (121, 320), (67, 320), (120, 320), (121, 480), (55, 480), (64, 240), (76, 240), (76, 240), (120, 240)]

BPB: Beats per bar(quarter notes): 4

BARS: 8

BPM: Beats per minute (at song start):Tempo: 160

TQB: Total quarter beats: 32

Song Time: 12 seconds: 0.2 minutes