["(,G'G'P')(--,-)(,P.,G)G", "(P'P.P'),(,G',)(PG'G'G')", "(-G',)(P'-P)(,GP.P')G", "(PPG)(G-P.)(G,)G'", "-(P.G-P.)(P.G',)(P'-G'-)", "(,P'P.)(,GP')(P.P'P'P.)P'", "(G'P,)(,P',P.)(-G'PP)P.", "(-G')(P.,G)(P.-G')(PP.P.)"]

[(120, 240), (76, 240), (76, 240), (79, 240), (121, 240), (121, 240), (120, 240), (121, 240), (120, 240), (55, 240), (120, 240), (64, 240), (64, 960), (79, 320), (55, 320), (79, 320), (120, 960), (120, 320), (76, 320), (120, 320), (67, 240), (76, 240), (76, 240), (76, 240), (121, 320), (76, 320), (120, 320), (79, 320), (121, 320), (67, 320), (120, 240), (64, 240), (55, 240), (79, 240), (64, 960), (67, 320), (67, 320), (64, 320), (64, 320), (121, 320), (55, 320), (64, 480), (120, 480), (76, 960), (121, 960), (55, 240), (64, 240), (121, 240), (55, 240), (55, 320), (76, 320), (120, 320), (79, 240), (121, 240), (76, 240), (121, 240), (120, 320), (79, 320), (55, 320), (120, 320), (64, 320), (79, 320), (55, 240), (79, 240), (79, 240), (55, 240), (79, 960), (76, 320), (67, 320), (120, 320), (120, 240), (79, 240), (120, 240), (55, 240), (121, 240), (76, 240), (67, 240), (67, 240), (55, 960), (121, 480), (76, 480), (55, 320), (120, 320), (64, 320), (55, 320), (121, 320), (76, 320), (67, 320), (55, 320), (55, 320)]

BPB: Beats per bar(quarter notes): 4

BARS: 8

BPM: Beats per minute (at song start):Tempo: 60

TQB: Total quarter beats: 32

Song Time: 32 seconds: 0.53 minutes