["G',(P.G')G", "(GP')P.(P.PP.P')(,G'PP')", "(-G'G'-)(-PP.)(-GP')(-,P)", "(PP-)(P.PG-)G'G'", "(-P)(P'G'G'P.)(P-P.)(G',G'P.)", "(,-)(PP'-)(-P')(P',P.)", "(GG')(P.,)(-G'P')P'", "(-P.P)(--)(PG'P.)G"]

[(76, 960), (120, 960), (55, 480), (76, 480), (64, 960), (64, 480), (79, 480), (55, 960), (55, 240), (67, 240), (55, 240), (79, 240), (120, 240), (76, 240), (67, 240), (79, 240), (121, 240), (76, 240), (76, 240), (121, 240), (121, 320), (67, 320), (55, 320), (121, 320), (64, 320), (79, 320), (121, 320), (120, 320), (67, 320), (67, 320), (67, 320), (121, 320), (55, 240), (67, 240), (64, 240), (121, 240), (76, 960), (76, 960), (121, 480), (67, 480), (79, 240), (76, 240), (76, 240), (55, 240), (67, 320), (121, 320), (55, 320), (76, 240), (120, 240), (76, 240), (55, 240), (120, 480), (121, 480), (67, 320), (79, 320), (121, 320), (121, 480), (79, 480), (79, 320), (120, 320), (55, 320), (64, 480), (76, 480), (55, 480), (120, 480), (121, 320), (76, 320), (79, 320), (79, 960), (121, 320), (55, 320), (67, 320), (121, 480), (121, 480), (67, 320), (76, 320), (55, 320), (64, 960)]

BPB: Beats per bar(quarter notes): 4

BARS: 8

BPM: Beats per minute (at song start):Tempo: 60

TQB: Total quarter beats: 32

Song Time: 32 seconds: 0.53 minutes