["(-,P')P'(P'P.)(G-)", "(,,P)(PP')(P.P.,)(GP'P.P')", "(P'P.G')(,GG)P'(,GG')", "(G'-P'G')(P'P')(,PP'-)G", "GP.(GP'P.G')G'", "G'P(P'G'P')(P'GG'P')", "(,,,)(P.P.P.)(GP',-)G'", "(PGP.P')(P'P.)G'(,G'P-)"]

[(121, 320), (120, 320), (79, 320), (79, 960), (79, 480), (55, 480), (64, 480), (121, 480), (120, 320), (120, 320), (67, 320), (67, 480), (79, 480), (55, 320), (55, 320), (120, 320), (64, 240), (79, 240), (55, 240), (79, 240), (79, 320), (55, 320), (76, 320), (120, 320), (64, 320), (64, 320), (79, 960), (120, 320), (64, 320), (76, 320), (76, 240), (121, 240), (79, 240), (76, 240), (79, 480), (79, 480), (120, 240), (67, 240), (79, 240), (121, 240), (64, 960), (64, 960), (55, 960), (64, 240), (79, 240), (55, 240), (76, 240), (76, 960), (76, 960), (67, 960), (79, 320), (76, 320), (79, 320), (79, 240), (64, 240), (76, 240), (79, 240), (120, 320), (120, 320), (120, 320), (55, 320), (55, 320), (55, 320), (64, 240), (79, 240), (120, 240), (121, 240), (76, 960), (67, 240), (64, 240), (55, 240), (79, 240), (79, 480), (55, 480), (76, 960), (120, 240), (76, 240), (67, 240), (121, 240)]

BPB: Beats per bar(quarter notes): 4

BARS: 8

BPM: Beats per minute (at song start):Tempo: 60

TQB: Total quarter beats: 32

Song Time: 32 seconds: 0.53 minutes